32-5013	A11670	19	20	21	44	396.67	262.77	115.3	12.6	6	2/23/2024
32-5014	A07720	19	20	21	44	0	0	0	0	0	2/23/2024
32-5014	A07720	19	20	21	44	0	0	0	0	0	02/23/2024
32-5014	A07720	19	20	21	44	0	0	0	0	0	2/23/2024
32-5014	A07720	19	20	21	44	0	0	0	0	0	2/23/2024
32-5014	A07720	19	20	21	44	0	0	0	0	0	2/23/2024
32-5014	A07720	19	20	21	44	0	0	0	0	0	2/23/2024
32-5014	A07720	19	20	21	44	0	0	0	0	0	02/23/2024
32-5014	A07720	19	20	21	44	0	0	0	0	0	02/23/2024
32-5014	A07720	19	20	21	44	0	0	0	0	0	2/23/2024
32-5014	A07720	19	20	21	44	0	0	0	0	0	2/23/2024
32-5015	A15349	19	20	21	44	661.11	437.95	192.16	21	10	2/23/2024
32-5016	A02680	19	20	21	44	229.16	142.04	62.32	16.8	8	2/23/2024
32-5017	A52841	19	20	21	44	2090.81	1349.76	592.25	100.8	48	2/23/2024
32-5017	A52841	19	20	21	44	247.01	154.44	67.77	16.8	8	2/23/2024
32-5017	A52841	19	20	21	44	1057.78	700.72	307.46	33.6	16	2/23/2024
32-5017	A52841	19	20	21	44	229.16	142.04	62.32	16.8	8	2/23/2024
32-5018	A51248	19	20	21	44	348.47	224.96	98.71	16.8	8	2/23/2024
32-5018	A51248	19	20	21	44	-348.47	-224.96	-98.71	-16.8	-8	2/23/2024
32-5019	A52131	19	20	21	44	348.47	224.96	98.71	16.8	8	2/23/2024
32-5020	A46378	19	20	21	44	132.22	87.59	38.43	4.2	2	2/23/2024
32-5021	A50707	19	20	21	44	396.67	262.77	115.3	12.6	6	2/23/2024
32-5021	A50707	19	20	21	44	572.91	355.1	155.81	42	20	2/23/2024
32-5022	A57365	19	20	21	44	171.87	106.53	46.74	12.6	6	2/23/2024
32-5022	A57365	19	20	21	44	988.02	617.76	271.06	67.2	32	2/23/2024
32-5022	A57365	19	20	21	44	1190	788.31	345.89	37.8	18	2/23/2024
32-5023	A45269	19	20	21	44	396.67	262.77	115.3	12.6	6	2/23/2024
